41,4
41,1
41,5
39,5
57,5
4294967278,223
4294967278,505
4294967279,192
4294967279,191
4294967278,189
4294967279,181
4294967278,179
4294967278,503
4294967279,177
4294967279,175
4294967278,172
4294967279,166
4294967278,164
4294967278,502
4294967279,540
4294967279,472
4294967278,277
4294967279,294
4294967279,311
4294967279,283
4294967278,252
4294967279,539
4294967279,538
4294967279,260
4294967279,537
52,2
4294967279,190
4294967279,536
4294967279,185
4294967279,182
4294967279,306
4294967279,178
4294967279,534
4294967278,170
4294967279,533
4294967279,532
4294967278,167
4294967279,531
4294967279,530
4294967279,529
4294967278,161
4294967279,528
4294967279,527
37,5
4294967278,149
4294967279,525
4294967279,496
4294967279,524
4294967278,356
4294967279,145
4294967279,482
4294967278,311
4294967279,523
4294967278,309
4294967279,312
4294967279,410
4294967278,280
4294967279,285
50,2
4294967279,266
4294967279,522
57,4
52,6
4294967279,261
52,4
4294967279,308
4294967279,384
4294967278,473
4294967278,468
4294967279,520
4294967279,519
4294967279,518
57,1
50,7
52,5
52,1
4294967278,212
4294967278,463
4294967279,516
4294967278,460
4294967279,515
4294967279,514
44,4
50,5
4294967278,457
44,1
44,5
4294967278,346
4294967278,34
4294967278,32
4294967278,31
4294967278,25
4294967278,23
4294967278,18
4294967278,17
4294967278,12
4294967279,53
4294967279,26
35,4
4294967278,456
4294967294,50
4294967294,30
4294967294,115
4294967294,386
4294967294,113
4294967294,92
4294967294,88
35,5
39,1
37,1
50,1
4294967279,513
4294967279,0
4294967279,307
4294967294,10
4294967294,1160
4294967294,182
4294967294,173
4294967294,161
4294967294,81
4294967294,184
4294967294,188
4294967294,185
4294967294,11
4294967294,183
4294967294,1824
4294967294,1188
4294967294,14
4294967294,20
4294967294,13
4294967294,166
4294967294,24
4294967294,127
4294967294,126
4294967294,18
4294967294,12
4294967294,104
4294967294,106
4294967294,119
4294967294,168
4294967294,162
4294967294,68
26,2
4294967294,36
4294967294,5
4294967294,22
4294967294,17
4294967294,39
4294967294,42
4294967294,67
4294967294,99
4294967294,76
4294967294,41
4294967294,1423
4294967294,43
4294967294,51
4294967294,52
4294967294,1551
4294967294,25
4294967294,26
4294967294,1163
4294967294,82
4294967294,159
4294967294,83
4294967278,0
4294967293,131
4294967293,130
4294967293,129
4294967293,128
4294967293,127
4294967293,126
4294967293,125
4294967293,124
4294967293,123
4294967293,122
4294967293,121
4294967293,120
4294967293,119
4294967293,118
4294967293,117
4294967293,116
4294967293,115
4294967293,114
4294967293,113
4294967293,112
4294967293,111
4294967293,110
4294967293,109
4294967293,108
4294967293,107
4294967293,106
4294967293,105
4294967293,104
4294967293,103
4294967293,102
4294967293,101
4294967293,100
4294967293,99
4294967293,98
4294967293,97
4294967293,96
4294967293,95
4294967293,94
4294967293,93
4294967293,92
4294967293,91
4294967293,90
4294967293,89
4294967293,87
4294967293,86
4294967293,85
4294967293,84
4294967293,83
4294967293,82
4294967293,81
4294967293,80
4294967293,79
4294967293,78
4294967293,77
4294967293,76
4294967293,75
4294967293,74
4294967293,73
4294967293,72
4294967293,71
4294967293,70
4294967293,69
4294967293,68
4294967293,67
4294967293,66
4294967293,65
4294967293,64
4294967293,63
4294967293,62
4294967293,61
4294967293,60
4294967293,59
4294967293,58
4294967293,57
4294967293,56
4294967293,55
4294967293,54
4294967293,53
4294967293,52
4294967293,51
4294967293,50
4294967293,49
4294967293,48
4294967293,47
4294967293,46
4294967293,45
4294967293,44
4294967293,43
4294967293,42
4294967293,41
4294967293,40
4294967293,39
4294967293,38
4294967293,37
4294967293,36
4294967293,35
4294967293,34
4294967293,33
4294967293,32
4294967293,31
4294967293,30
4294967293,29
4294967293,28
4294967293,27
4294967293,26
4294967293,25
4294967293,24
4294967293,23
4294967293,22
4294967293,21
4294967293,20
4294967293,19
4294967293,18
4294967293,17
4294967293,16
4294967293,15
4294967293,14
4294967293,13
4294967293,12
4294967293,11
4294967293,10
4294967293,9
4294967293,8
4294967293,7
4294967293,6
4294967293,5
4294967293,4
4294967293,3
4294967278,306
4294967278,132
4294967278,288
4294967278,131
4294967278,130
4294967278,129
4294967278,128
4294967278,127
4294967278,377
4294967278,266
4294967278,126
4294967278,125
4294967278,414
4294967278,124
4294967278,470
4294967278,399
4294967278,123
4294967278,396
4294967278,122
4294967278,451
4294967278,376
4294967278,469
4294967278,375
4294967278,374
4294967278,450
4294967278,321
4294967278,110
4294967278,373
4294967278,464
4294967278,109
4294967278,448
4294967278,492
4294967278,107
4294967278,106
4294967278,294
4294967278,105
4294967278,466
4294967278,317
4294967278,104
4294967278,372
4294967278,501
4294967278,100
4294967278,458
4294967278,98
4294967278,465
4294967278,467
4294967278,97
4294967278,395
4294967278,94
4294967278,462
4294967278,371
4294967278,370
4294967278,452
4294967278,85
4294967278,216
4294967278,84
4294967278,472
4294967278,332
4294967278,83
4294967278,290
4294967278,82
4294967278,316
4294967278,81
4294967278,250
4294967278,77
4294967278,76
4294967278,75
4294967278,500
4294967278,74
4294967278,471
4294967278,70
4294967278,69
4294967278,68
4294967278,67
4294967278,64
4294967278,62
4294967278,326
4294967278,61
4294967278,330
4294967278,59
4294967278,58
4294967278,57
4294967278,325
4294967278,56
4294967278,312
4294967278,55
4294967278,508
4294967278,54
4294967278,436
4294967278,53
4294967278,52
4294967278,51
4294967278,49
4294967278,455
4294967278,435
4294967278,48
4294967278,454
4294967278,174
4294967278,47
4294967278,46
4294967278,236
4294967278,45
4294967278,44
4294967278,39
4294967278,300
4294967278,38
4294967278,33
4294967278,381
4294967278,30
4294967278,29
4294967278,28
4294967278,24
4294967278,380
4294967278,21
4294967278,20
4294967278,19
4294967278,88
4294967278,379
4294967278,16
4294967278,15
4294967278,453
4294967278,14
4294967278,13
4294967278,11
4294967278,10
4294967278,449
4294967278,9
4294967278,8
4294967278,7
4294967278,6
4294967278,5
4294967278,2
4294967278,378
4294967278,4
4294967279,304
4294967279,303
4294967279,297
4294967279,296
4294967279,269
4294967279,302
4294967279,264
4294967279,301
4294967279,263
4294967279,257
4294967279,425
4294967279,460
4294967279,85
4294967279,458
4294967279,84
4294967279,241
4294967279,83
4294967279,82
4294967279,295
4294967279,411
4294967279,81
4294967279,475
4294967279,78
4294967279,407
4294967279,77
4294967279,390
4294967279,76
4294967279,75
4294967279,300
4294967279,71
4294967279,447
4294967279,70
4294967279,174
4294967279,290
4294967279,422
4294967279,68
4294967279,402
4294967279,65
4294967279,63
4294967279,432
4294967279,62
4294967279,61
4294967279,58
4294967279,57
4294967279,56
4294967279,55
4294967279,406
4294967279,54
4294967279,234
4294967279,52
4294967279,51
4294967279,455
4294967279,50
4294967279,405
4294967279,49
4294967279,48
4294967279,395
4294967279,47
4294967279,46
4294967279,431
4294967279,45
4294967279,288
4294967279,40
4294967279,39
4294967279,38
4294967279,37
4294967279,35
4294967279,34
4294967279,33
4294967279,32
4294967279,387
4294967279,31
4294967279,398
4294967279,30
4294967279,29
4294967279,28
4294967279,27
4294967279,25
4294967279,286
4294967279,548
4294967279,24
4294967279,453
4294967279,23
4294967279,22
4294967279,21
4294967279,20
4294967279,282
4294967279,253
4294967279,546
4294967279,18
4294967279,281
4294967279,423
4294967279,17
4294967279,451
4294967279,16
4294967279,13
4294967279,12
4294967279,11
4294967279,249
4294967279,9
4294967279,228
4294967279,8
4294967279,441
4294967279,5
4294967279,2
4294967279,280
4294967279,421
4294967279,4
4294967278,65
26,5
26,6
50,4
50,6
39,4
39,6
37,4
26,4
4294967279,179
4294967294,1756
4294967279,445
4294967279,473
4294967279,444
4294967278,137
4294967279,289
4294967278,383
4294967279,287
4294967278,382
4294967279,454
4294967279,258
4294967294,1813
4294967294,1785
4294967294,1033
4294967294,1004
4294967294,1003
4294967294,1001
4294967294,997
4294967294,996
4294967294,994
4294967294,993
4294967294,989
4294967294,1024
4294967294,988
4294967294,987
4294967294,986
4294967294,985
4294967294,141
4294967294,984
4294967294,982
4294967294,981
4294967294,978
4294967294,976
4294967294,975
4294967294,974
4294967294,967
4294967294,965
4294967294,964
4294967294,0
4294967294,959
4294967294,729
4294967294,951
4294967294,948
4294967294,946
4294967294,945
4294967294,943
4294967294,941
4294967294,940
4294967294,938
4294967294,937
4294967294,936
4294967294,931
4294967294,929
4294967294,926
4294967294,921
4294967294,920
4294967294,918
4294967294,917
4294967294,1832
4294967294,913
4294967294,910
4294967294,909
4294967294,908
4294967294,907
4294967294,904
4294967294,901
4294967294,899
4294967294,898
4294967294,895
4294967294,893
4294967294,891
4294967294,890
4294967294,1764
4294967294,889
4294967294,888
4294967294,886
4294967294,884
4294967294,1471
4294967294,882
4294967294,877
4294967294,876
4294967294,1831
4294967294,874
4294967294,872
4294967294,870
4294967294,869
4294967294,867
4294967294,866
4294967294,863
4294967294,859
4294967294,857
4294967294,856
4294967294,855
4294967294,853
4294967294,850
4294967294,849
4294967294,848
4294967294,847
4294967294,846
4294967294,723
4294967294,845
4294967294,844
4294967294,843
4294967294,842
4294967294,841
4294967294,839
4294967294,498
4294967294,835
4294967294,722
4294967294,833
4294967294,136
4294967294,829
4294967294,826
4294967294,825
4294967294,824
4294967294,822
4294967294,820
4294967294,819
4294967294,818
4294967294,817
4294967294,816
4294967294,815
4294967294,814
4294967294,812
4294967294,811
4294967294,810
4294967294,808
4294967294,806
4294967294,804
4294967294,716
4294967294,801
4294967294,800
4294967294,799
4294967294,798
4294967294,795
4294967294,794
4294967294,1829
4294967294,790
4294967294,789
4294967294,785
4294967294,784
4294967294,783
4294967294,782
4294967294,781
4294967294,777
4294967294,775
4294967294,773
4294967294,771
4294967294,770
4294967294,714
4294967294,768
4294967294,702
4294967294,700
4294967294,699
4294967294,697
4294967294,696
4294967294,713
4294967294,694
4294967294,693
4294967294,691
4294967294,1803
4294967294,688
4294967294,687
4294967294,684
4294967294,681
4294967294,674
4294967294,673
4294967294,671
4294967294,670
4294967294,669
4294967294,707
4294967294,667
4294967294,661
4294967294,659
4294967294,658
4294967294,657
4294967294,655
4294967294,652
4294967294,649
